sample_uid	169624	169623	168670	168661	168662	169729	170126
139359	0	0	0	0	0	0	43309.0
139379	0	0	0	0	0	0	41242.0
139252	0	0	0	0	0	0	44907.0
139374	0	0	0	0	0	0	41018.0
139370	0	0	0	0	0	0	55776.0
139257	0	0	0	0	0	0	51355.0
139300	0	0	0	0	0	0	42024.0
139246	0	0	0	0	0	0	23011.0
139368	0	0	0	0	0	0	56480.0
139376	0	0	0	0	0	0	55564.0
139303	0	0	0	0	0	0	61509.0
139335	0	0	0	0	0	0	30052.0
139302	0	0	0	0	0	0	44832.0
139292	0	0	0	0	0	0	59450.0
139337	0	0	0	0	0	0	63983.0
139309	0	0	0	0	0	0	51871.0
139328	0	0	0	0	0	0	56357.0
139265	0	0	0	0	0	0	35355.0
139373	214.0	0	0	0	0	0	66609.0
139259	0	0	0	0	0	0	31087.0
139327	0	0	0	0	0	0	42299.0
139245	0	0	0	0	0	0	44278.0
139228	0	0	0	0	0	0	52278.0
139283	0	0	0	0	0	0	45829.0
139323	0	0	0	0	0	0	56532.0
139308	0	0	0	0	0	0	38252.0
139357	313.0	0	0	0	0	0	59759.0
139264	0	0	0	0	0	0	38645.0
139305	0	0	0	0	0	0	44442.0
139330	0	0	0	0	0	0	52755.0
139332	0	0	0	0	0	0	45039.0
139310	0	0	0	0	0	0	47927.0
139377	334.0	0	0	0	0	0	53203.0
139293	0	0	0	0	0	0	49831.0
139238	0	0	0	0	0	0	51624.0
139208	0	0	0	0	0	0	40658.0
139313	0	0	0	0	0	0	58692.0
139271	0	0	0	0	0	0	33803.0
139253	0	0	0	0	0	0	35950.0
139351	475.0	0	0	0	0	0	57395.0
139325	0	0	0	0	0	0	61884.0
139369	315.0	0	0	0	0	0	45517.0
139326	0	0	0	0	0	0	55612.0
139290	0	0	0	0	0	0	55317.0
139331	270.0	0	0	0	0	0	56312.0
139289	0	0	0	0	0	0	45695.0
139363	470.0	0	0	0	0	0	67186.0
139280	0	0	0	0	0	0	43749.0
139333	0	0	0	0	0	0	24423.0
139391	0	0	0	0	0	0	35803.0
139386	405.0	0	0	0	0	0	61858.0
139406	0	0	0	0	0	0	47720.0
139349	478.0	0	0	0	0	0	63523.0
139329	0	0	0	0	0	0	54687.0
139286	0	0	0	0	0	0	37713.0
139324	0	0	0	0	0	0	42113.0
139213	0	0	0	0	0	0	46156.0
139273	0	0	0	0	0	0	42457.0
139256	0	0	0	0	0	0	45941.0
139269	0	0	0	0	0	0	46854.0
139294	0	0	0	0	0	0	56780.0
139415	0	0	0	0	0	0	39162.0
139352	456.0	0	0	0	0	0	62898.0
139251	0	0	0	0	0	0	28623.0
139242	0	0	0	0	0	0	35649.0
139320	0	0	0	0	0	0	53438.0
139275	0	0	0	0	0	0	48047.0
139307	285.0	0	0	0	0	0	53912.0
139321	0	0	0	0	0	0	39037.0
139311	0	0	0	0	0	0	53852.0
139296	0	0	0	0	0	0	64539.0
139217	0	0	0	0	0	0	51027.0
139319	0	0	0	0	0	0	53997.0
139338	672.0	0	0	0	0	0	73862.0
139282	0	0	0	0	0	0	38386.0
139336	343.0	0	0	0	0	0	69718.0
139223	0	0	0	0	0	0	46960.0
139312	0	0	0	0	0	0	58223.0
139233	0	0	0	0	0	0	56951.0
139339	0	0	0	0	0	0	48522.0
139397	0	0	0	0	0	0	40266.0
139364	616.0	0	0	0	0	0	62718.0
139268	0	0	0	0	0	0	53133.0
139299	0	0	0	0	0	0	45757.0
139315	0	0	0	0	0	0	65696.0
139226	0	0	0	0	0	0	42337.0
139301	165.0	0	0	0	0	0	62138.0
139230	0	0	0	0	0	0	42105.0
139346	551.0	0	0	0	0	0	43769.0
139389	0	0	0	0	0	0	33270.0
139434	0	0	0	0	0	0	48118.0
139262	0	167.0	0	0	0	0	51512.0
139417	0	0	0	0	0	0	37642.0
139291	0	0	0	0	0	0	52251.0
139334	0	0	0	0	0	0	61478.0
139236	0	0	0	0	0	0	50043.0
139222	0	0	0	0	0	0	61781.0
139227	0	0	0	0	0	0	55601.0
139278	0	0	0	279.0	0	0	37763.0
139247	0	0	0	0	0	0	48781.0
139306	0	0	0	0	0	0	45845.0
139205	0	0	0	0	0	0	44955.0
139218	0	0	0	0	0	0	47962.0
139204	0	0	0	0	0	0	39941.0
139284	0	0	0	0	0	0	16775.0
139405	0	0	0	0	0	0	51184.0
139235	0	0	0	0	0	0	59347.0
139317	407.0	0	0	0	0	0	67079.0
139244	0	0	0	0	0	0	40183.0
139426	0	0	0	0	0	0	37518.0
139345	821.0	0	0	0	0	0	58972.0
139209	0	0	0	0	0	0	53993.0
139425	0	0	0	0	0	0	40981.0
139402	0	0	0	0	0	0	35800.0
139418	0	0	0	0	0	0	40913.0
139394	0	0	0	0	0	0	25069.0
139365	888.0	0	0	0	0	0	62407.0
139297	0	0	0	0	0	0	58727.0
139220	0	0	0	0	0	0	55441.0
139206	0	0	0	0	0	0	51680.0
139295	0	0	0	0	0	0	37739.0
139408	0	0	0	0	0	0	44144.0
139304	0	0	0	0	0	0	68821.0
139388	0	0	0	0	0	0	42042.0
139398	0	0	0	0	0	0	25362.0
139375	727.0	0	0	0	0	0	47945.0
139219	0	0	0	0	0	0	53566.0
139214	0	0	0	0	0	0	47818.0
139207	0	0	0	0	0	0	45218.0
139212	0	0	0	0	0	0	53406.0
139421	0	0	0	0	0	0	33687.0
139279	0	0	0	0	0	0	41265.0
139409	0	0	0	0	0	0	41470.0
139340	870.0	0	0	0	0	0	56113.0
139285	0	0	0	0	0	0	31994.0
139411	0	0	0	0	0	0	46246.0
139381	520.0	0	0	0	0	0	33053.0
139431	0	0	0	0	0	0	28605.0
139231	0	0	0	0	0	0	59160.0
139200	0	0	0	0	0	0	38667.0
139407	0	0	0	0	0	0	41868.0
139248	0	0	0	0	0	0	24097.0
139201	0	0	0	0	0	0	27524.0
139225	0	0	0	0	0	0	52197.0
139260	0	237.0	0	0	0	0	37261.0
139401	0	0	0	0	0	0	42147.0
139427	0	0	0	0	0	0	28545.0
139316	566.0	0	0	0	0	0	64437.0
139234	0	0	0	0	0	0	51004.0
139413	0	0	0	0	0	0	40989.0
139395	0	0	0	0	0	0	47614.0
139314	376.0	0	0	0	0	0	64350.0
139404	0	0	0	0	0	0	36694.0
139322	400.0	0	0	0	0	0	60981.0
139400	0	0	0	0	0	0	46595.0
139229	0	0	0	0	0	0	27041.0
139419	0	0	0	0	0	0	33163.0
139422	0	0	0	0	0	0	39703.0
139221	0	0	0	0	0	0	54700.0
139392	0	0	0	0	0	0	41996.0
139199	0	0	0	0	0	0	50451.0
139416	0	0	0	0	0	0	42717.0
139241	0	0	0	0	0	0	40888.0
139232	0	0	0	0	0	0	52311.0
139433	0	0	0	0	0	0	37993.0
139281	0	0	0	0	0	0	42423.0
139360	1041.0	0	0	0	0	0	62238.0
139215	0	0	0	0	0	0	37493.0
139350	1096.0	0	0	0	0	0	62765.0
139240	0	0	0	0	0	0	43754.0
139211	0	0	0	0	0	0	34458.0
139243	0	0	0	0	0	0	43395.0
139276	0	0	0	0	310.0	0	42853.0
139203	0	0	0	0	0	0	30413.0
139428	0	0	0	0	0	0	31533.0
139196	0	0	0	0	0	0	29726.0
139274	0	174.0	0	0	0	11.0	37989.0
139424	0	0	0	0	0	0	36801.0
139198	0	0	0	0	0	0	33676.0
139353	802.0	0	0	0	0	0	39082.0
139403	0	274.0	0	0	0	0	34438.0
139435	0	0	0	0	0	0	43852.0
139367	921.0	0	0	0	0	0	46763.0
139202	0	0	0	0	0	0	45349.0
139237	0	0	0	0	0	0	34264.0
139298	959.0	0	0	0	0	0	51272.0
139378	1424.0	0	0	0	0	0	57556.0
139266	0	464.0	0	0	0	0	42460.0
139390	0	0	0	0	0	0	43307.0
139272	0	231.0	0	0	0	0	32708.0
139224	0	0	0	0	0	0	27266.0
139412	0	0	0	0	0	0	47730.0
139387	1193.0	0	0	0	0	0	47711.0
139249	0	0	0	0	0	0	19319.0
139267	0	533.0	0	0	0	0	49511.0
139432	0	0	0	0	525.0	0	40897.0
139396	0	0	0	0	0	0	21417.0
139372	806.0	0	0	0	0	0	29424.0
139270	0	817.0	0	0	0	0	47345.0
139210	0	0	0	0	0	0	36388.0
139429	0	0	0	0	0	0	22949.0
139239	0	0	0	0	0	0	36255.0
139399	0	0	0	0	0	0	25292.0
139430	0	0	0	0	0	0	32011.0
139362	1759.0	0	0	0	0	0	50644.0
139414	0	0	0	0	0	0	41005.0
139361	1543.0	0	0	0	0	0	48250.0
139255	0	0	1113.0	0	0	0	42575.0
139288	0	791.0	0	0	0	0	34288.0
139393	0	0	0	0	0	0	38825.0
139216	0	0	0	0	0	0	19600.0
139382	880.0	0	0	0	0	0	22828.0
139410	0	0	0	0	0	0	31598.0
139250	0	1218.0	0	0	0	0	40136.0
139423	0	0	0	0	0	0	20329.0
139420	0	0	0	0	0	0	19448.0
139354	2082.0	0	0	0	0	0	45702.0
139197	0	0	0	0	0	0	38127.0
139287	0	725.0	0	0	0	0	42352.0
139347	3287.0	0	0	0	0	0	55162.0
139371	510.0	0	0	0	0	0	14839.0
139348	2743.0	0	0	0	0	0	39726.0
139385	4119.0	0	0	0	0	0	59917.0
139263	0	0	2221.0	0	0	0	38413.0
139358	2785.0	0	0	0	0	0	36216.0
139277	0	0	0	0	0	0	3378.0
139261	0	0	2570.0	0	0	0	41504.0
139356	3175.0	0	0	0	0	0	38734.0
139342	4248.0	0	0	0	0	0	44242.0
139383	4106.0	0	0	0	0	0	42933.0
139254	0	0	3592.0	0	0	0	41072.0
139366	3741.0	0	0	0	0	0	33966.0
139258	0	0	2638.0	0	0	0	27538.0
139341	5927.0	0	0	0	0	0	48356.0
139344	7414.0	0	0	0	0	0	62132.0
139343	5773.0	0	0	0	0	0	40948.0
139355	6545.0	0	0	0	0	0	39144.0
139318	0	0	0	5747.0	0	0	33161.0
139384	11524.0	0	0	0	0	0	53777.0
139380	7773.0	0	0	0	0	0	31731.0
